1.47111939418
1.35355339059
1.35355339059
nan
nan
1.35355339059
nan
nan
nan
1.35355339059
nan
nan
nan
1.35355339059
1.35355339059
1.35355339059
1.35355339059
1.35355339059
1.35355339059
nan
1.47111939418
1.35355339059
nan
1.35355339059
nan
1.35355339059
1.35355339059
1.35355339059
1.35355339059
nan
1.35355339059
1.35355339059
nan
nan
nan
1.35355339059
1.35355339059
nan
1.35355339059
nan
nan
nan
nan
nan
1.48813697621
nan
1.49641276442
1.35355339059
nan
nan
1.35355339059
nan
1.45828780678
nan
nan
nan
nan
nan
1.49641276442
nan
1.35355339059
nan
nan
nan
nan
nan
nan
nan
nan
1.35355339059
nan
nan
nan
