1.31622776602
nan
nan
nan
nan
nan
nan
nan
1.44687547734
nan
1.44687547734
1.37493983054
1.31622776602
1.31622776602
1.31622776602
1.31622776602
1.31622776602
1.31622776602
nan
1.31622776602
nan
nan
nan
1.44169287666
1.31622776602
1.31622776602
1.31622776602
1.31622776602
1.31622776602
1.31622776602
1.31622776602
nan
nan
nan
nan
1.31622776602
nan
nan
nan
nan
1.43660298446
nan
1.53038638898
1.31622776602
nan
nan
1.31622776602
nan
nan
nan
nan
nan
1.44400507446
1.40990507569
1.31622776602
1.31622776602
1.31622776602
1.31622776602
1.31622776602
nan
1.31622776602
nan
nan
nan
nan
nan
nan
nan
nan
1.31622776602
1.31622776602
nan
1.31622776602
