nan
nan
nan
nan
1.34022405589
1.27655675761
1.24253562504
1.24253562504
1.24253562504
nan
1.24253562504
1.24253562504
nan
1.33536564839
1.24253562504
nan
1.34022405589
1.3214115887
1.31367179307
1.24253562504
1.24253562504
1.24253562504
1.24253562504
1.24253562504
1.24253562504
1.24253562504
1.24253562504
1.24253562504
1.24253562504
1.24253562504
1.24253562504
nan
nan
nan
nan
nan
nan
nan
nan
nan
nan
nan
nan
1.35764076454
1.34022405589
1.31367179307
1.24253562504
1.24253562504
1.24253562504
1.24253562504
1.24253562504
1.24253562504
1.24253562504
1.24253562504
1.24253562504
1.24253562504
1.24253562504
1.24253562504
1.24253562504
1.24253562504
1.24253562504
nan
1.24253562504
nan
nan
nan
nan
1.24253562504
nan
1.32179294033
1.24253562504
1.24253562504
nan
