1.52791842781
1.46493105477
nan
nan
nan
nan
nan
nan
1.53385008058
nan
1.45564670602
1.45503491982
1.45503491982
1.33333333333
1.33333333333
1.33333333333
1.33333333333
1.33333333333
nan
nan
1.33333333333
1.33333333333
nan
1.33333333333
1.33333333333
nan
nan
1.33333333333
1.33333333333
1.33333333333
nan
nan
nan
1.40894393417
1.33333333333
1.33333333333
1.33333333333
nan
nan
nan
nan
nan
nan
nan
nan
1.33333333333
1.33333333333
nan
1.33333333333
nan
1.33333333333
nan
1.33333333333
nan
nan
1.38724780496
1.33333333333
1.33333333333
1.33333333333
1.33333333333
1.33333333333
1.33333333333
nan
nan
1.33333333333
nan
1.33333333333
nan
1.33333333333
nan
1.39003742432
1.33333333333
nan
