nan
nan
1.26912287884
nan
nan
nan
nan
nan
nan
nan
nan
1.40824829046
1.40824829046
1.37518489471
1.36139323224
1.28810676975
1.28474764224
1.28091334225
1.27825111704
1.26009635467
1.20412414523
1.20412414523
1.20412414523
1.20412414523
1.20412414523
1.20412414523
1.20412414523
1.20412414523
1.20412414523
1.20412414523
nan
nan
nan
1.28810676975
1.20412414523
1.20412414523
nan
1.28091334225
1.20412414523
1.20412414523
1.20412414523
1.20412414523
nan
1.20412414523
1.20412414523
nan
1.20412414523
nan
nan
nan
nan
1.20412414523
nan
nan
1.28810676975
nan
1.20412414523
1.20412414523
nan
nan
nan
1.28810676975
1.28474764224
nan
nan
nan
nan
nan
1.20412414523
nan
nan
1.26311718609
nan
