1.28867513459
nan
nan
nan
nan
nan
1.57735026919
nan
1.57735026919
1.28867513459
1.28867513459
1.28867513459
nan
nan
nan
1.28867513459
1.28867513459
1.28867513459
nan
1.28867513459
nan
nan
1.28867513459
nan
1.28867513459
nan
1.28867513459
1.28867513459
nan
1.44898391898
1.28867513459
nan
nan
nan
nan
nan
1.57735026919
nan
nan
nan
nan
nan
nan
nan
1.40130842479
nan
nan
nan
1.52812584404
1.40418005866
1.28867513459
1.28867513459
1.28867513459
nan
nan
nan
nan
nan
1.28867513459
nan
1.57735026919
1.28867513459
nan
nan
nan
nan
nan
nan
nan
1.28867513459
nan
nan
nan
