nan
nan
nan
1.40824829046
1.40824829046
nan
nan
nan
nan
nan
nan
nan
nan
nan
1.40824829046
1.40824829046
nan
nan
nan
1.40824829046
1.40824829046
1.40824829046
nan
nan
1.40824829046
1.40824829046
1.40824829046
1.40824829046
nan
1.40824829046
1.40824829046
nan
nan
nan
nan
nan
1.55560082555
nan
nan
nan
nan
1.40824829046
nan
nan
1.40824829046
1.40824829046
nan
nan
nan
1.40824829046
nan
1.40824829046
nan
1.40824829046
nan
nan
nan
1.40824829046
1.40824829046
nan
1.40824829046
nan
nan
nan
nan
nan
nan
1.40824829046
nan
1.40824829046
nan
1.40824829046
nan
