1.31622776602
nan
nan
nan
1.31622776602
1.31622776602
nan
nan
1.31622776602
nan
nan
nan
nan
nan
nan
1.31622776602
1.31622776602
1.31622776602
nan
1.31622776602
nan
nan
1.31622776602
nan
nan
nan
1.31622776602
1.31622776602
nan
1.31622776602
1.31622776602
nan
nan
nan
nan
nan
1.31622776602
nan
nan
1.31622776602
nan
nan
nan
nan
1.31622776602
nan
1.31622776602
nan
nan
nan
1.31622776602
nan
1.31622776602
nan
nan
1.31622776602
nan
nan
1.31622776602
nan
1.31622776602
1.31622776602
nan
nan
nan
nan
nan
nan
nan
1.31622776602
nan
nan
nan
