1.42598911712
nan
nan
1.47985836973
1.42283390752
1.31622776602
nan
nan
1.31622776602
nan
1.48249962871
1.31622776602
nan
nan
nan
nan
1.47077135465
1.42138199636
1.41942204304
1.36833809304
1.31622776602
1.31622776602
1.31622776602
1.31622776602
1.31622776602
1.31622776602
1.31622776602
1.31622776602
1.31622776602
1.31622776602
1.31622776602
nan
nan
nan
nan
1.52403737327
nan
nan
nan
nan
nan
nan
nan
1.40489464977
nan
1.54717593637
1.44658636088
1.43074323654
1.42567284329
1.4250215311
1.40641986312
1.40150956333
1.31622776602
1.31622776602
1.31622776602
1.31622776602
1.31622776602
1.31622776602
1.31622776602
1.31622776602
1.31622776602
nan
nan
nan
nan
1.31622776602
1.31622776602
nan
1.42872355334
1.31622776602
nan
nan
nan
