1.33333333333
nan
nan
nan
1.33333333333
nan
nan
nan
1.33333333333
nan
nan
nan
nan
nan
nan
1.33333333333
1.33333333333
1.33333333333
nan
1.33333333333
nan
nan
1.33333333333
nan
nan
nan
1.33333333333
1.33333333333
nan
1.33333333333
1.33333333333
nan
nan
nan
nan
nan
1.33333333333
nan
nan
nan
nan
1.33333333333
nan
nan
1.33333333333
nan
1.33333333333
nan
nan
nan
1.33333333333
nan
1.33333333333
nan
nan
nan
nan
nan
1.33333333333
nan
1.33333333333
nan
nan
nan
nan
nan
nan
nan
nan
1.33333333333
nan
1.33333333333
nan
