nan
nan
1.43937439008
nan
1.41038547278
nan
nan
1.52209615286
1.48728148664
1.39878790815
1.37263437779
1.3678443932
1.3595612861
1.35644291585
1.34579654485
1.29075430851
1.2796304097
1.27805987182
1.26385103336
1.21320071636
1.21320071636
1.21320071636
1.21320071636
1.21320071636
1.21320071636
1.21320071636
1.21320071636
1.21320071636
1.21320071636
1.21320071636
1.21320071636
1.21320071636
nan
1.21320071636
nan
nan
1.43693375843
nan
nan
nan
nan
nan
nan
nan
1.34942338225
nan
nan
1.42640143271
nan
nan
nan
1.36050694555
1.34203597828
1.33936518731
1.33658819144
1.32436516189
1.30151134458
1.30088157902
1.30001780797
1.29885543699
1.29113569025
1.29075430851
1.21320071636
1.21320071636
1.21320071636
1.21320071636
1.21320071636
1.21320071636
1.21320071636
1.21320071636
1.21320071636
1.21320071636
1.21320071636
