1.44252823576
1.40674986011
nan
1.31622776602
nan
nan
1.44252823576
nan
1.31622776602
nan
nan
nan
nan
nan
nan
nan
1.31622776602
nan
nan
nan
nan
1.31622776602
1.31622776602
1.31622776602
1.31622776602
nan
nan
1.31622776602
nan
1.31622776602
1.31622776602
nan
nan
1.31622776602
nan
1.31622776602
nan
1.31622776602
nan
1.31622776602
1.31622776602
nan
nan
nan
1.31622776602
nan
1.31622776602
nan
nan
1.31622776602
nan
nan
nan
nan
1.31622776602
nan
nan
nan
nan
nan
1.40674986011
nan
nan
nan
nan
nan
nan
1.31622776602
nan
nan
1.31622776602
nan
nan
